> Shore Bin # 8514, Level 1
> Shore Bin # 8515, Level 1
110.449530785	-5.81252765691
110.45163653	-5.81878385588
110.457495995	-5.81710536347
110.459967956	-5.80547798879
110.461707485	-5.81545738911
110.467505913	-5.8095979247
110.470405127	-5.81167315168
110.466224155	-5.81585412368
110.475013352	-5.81792935066
110.475440604	-5.80999465927
110.470374609	-5.80413519486
110.474128328	-5.80373846029
110.480415045	-5.81832608523
110.462897688	-5.82665751118
110.470862898	-5.83459220257
110.483375296	-5.83794918739
110.482032502	-5.82754253445
110.4945449	-5.82256809331
110.487891966	-5.81588464172
110.490455482	-5.81255817495
110.488776989	-5.80834668491
110.484107729	-5.80794995034
110.474616617	-5.79836728459
110.475440604	-5.79256885626
110.486243992	-5.77669947349
110.485053788	-5.77462424651
110.481696803	-5.77291523606
110.47379263	-5.78002594027
110.462928206	-5.79919127177
110.452063783	-5.80999465927
110.449530785	-5.81252765691
> Shore Bin # 8515, Level 1
110.410376135	-5.84338139918
110.419989319	-5.84792858771
110.430395972	-5.86004425109
110.431219959	-5.88085755696
110.442542153	-5.88546578157
110.445838102	-5.88961623553
110.447913329	-5.88918898291
110.447913329	-5.86999313337
110.445441367	-5.86581216137
110.463385977	-5.86630045007
110.466651408	-5.85711451889
110.476234073	-5.85671778432
110.473762112	-5.84838635836
110.477912566	-5.84667734791
110.462470436	-5.82790875098
110.443305104	-5.83709468216
110.410376135	-5.84252689395
110.410376135	-5.84338139918
> Shore Bin # 8515, Level 1
110.231235218	-5.74166475922
110.245792325	-5.76629282056
110.256260014	-5.7592126344
110.251224537	-5.75420767522
110.247928588	-5.7442282749
110.25210956	-5.73916227963
110.249179828	-5.72957961388
110.246677348	-5.73376058588
110.239993896	-5.73293659869
110.238345922	-5.73873502701
110.231235218	-5.74087129008
110.231235218	-5.74166475922
> Shore Bin # 8515, Level 1
110.595407034	-5.86669718464
110.597482261	-5.86874189357
110.601266499	-5.86669718464
110.60624094	-5.85168230709
110.60373846	-5.84420538636
110.600015259	-5.84209964134
110.595407034	-5.85415426864
110.59797055	-5.86089875632
110.595407034	-5.864164187
110.595407034	-5.86669718464
> Shore Bin # 8515, Level 1
110.423773556	-5.88751049051
110.430029755	-5.89044022271
110.431219959	-5.8966353856
110.434607462	-5.89752040887
110.435400931	-5.89251544969
110.42917525	-5.8845807583
110.423773556	-5.88665598528
110.423773556	-5.88751049051
> Shore Bin # 8515, Level 1
110.402929732	-5.73836881049
110.404608225	-5.74670023644
110.409155413	-5.7479209582
110.412939651	-5.73998626681
110.408300908	-5.73458457306
110.402929732	-5.73498130763
110.402929732	-5.73836881049
> Shore Bin # 8515, Level 1
110.50873579	-5.78753337904
110.513344015	-5.78881513688
110.514534218	-5.78670939186
110.51169604	-5.78295567247
110.50873579	-5.78420691227
110.50873579	-5.78753337904
> Shore Bin # 8515, Level 1
110.182955673	-5.81918059045
110.190859846	-5.82128633547
110.197909514	-5.81835660327
110.192477302	-5.81295490952
110.182894636	-5.81753261609
110.182955673	-5.81918059045
> Shore Bin # 8515, Level 1
110.406256199	-5.89672693973
110.412054627	-5.89422446014
110.412939651	-5.88915846487
110.409124895	-5.88708323789
110.406256199	-5.89248493164
110.406256199	-5.89672693973
> Shore Bin # 8515, Level 1
110.352056153	-5.87917906455
110.354985885	-5.88043030435
110.358709087	-5.87417410537
110.355809873	-5.87298390166
110.352056153	-5.87756160823
110.352056153	-5.87917906455
> Shore Bin # 8515, Level 1
110.238712139	-5.85165178905
110.240817884	-5.85293354689
110.242069123	-5.85000381468
110.238712139	-5.85000381468
110.238712139	-5.85165178905
> Shore Bin # 8515, Level 1
110.577920195	-5.86337071786
110.584573129	-5.86749065378
110.582497902	-5.86294346525
110.577920195	-5.86248569459
110.577920195	-5.86337071786
> Shore Bin # 8515, Level 1
110.185397116	-5.74087129008
110.193789578	-5.74499122599
110.190005341	-5.7387960631
110.185397116	-5.73998626681
110.185397116	-5.74087129008
> Shore Bin # 8515, Level 1
110.577920195	-5.86746013573
110.57956817	-5.868345159
110.577920195	-5.86666666659
110.577920195	-5.86746013573
> Shore Bin # 8515, Level 1
110.342931258	-5.8017242694
110.347936217	-5.79751277936
110.342931258	-5.79919127177
110.342931258	-5.8017242694
> Shore Bin # 8515, Level 1
110.23541619	-5.7741969939
110.241214618	-5.77087052713
110.23541619	-5.77340352476
110.23541619	-5.7741969939
> Shore Bin # 8515, Level 1
110.37207599	-5.81002517731
110.374181735	-5.81127641711
110.374975204	-5.80709544511
110.37207599	-5.81002517731
> Shore Bin # 8515, Level 1
110.40125124	-5.90167086283
110.404608225	-5.90252536805
110.40125124	-5.90084687564
110.40125124	-5.90167086283
> Shore Bin # 8515, Level 1
110.164553292	-5.80340276181
110.16708629	-5.8017242694
110.164553292	-5.8017242694
110.164553292	-5.80340276181
> Shore Bin # 8515, Level 1
110.341222248	-5.8916914625
110.344579232	-5.89086747532
110.341222248	-5.89086747532
110.341222248	-5.8916914625
> Shore Bin # 8515, Level 1
110.573708705	-5.79253833822
110.576241703	-5.79165331495
110.573708705	-5.79085984581
110.573708705	-5.79253833822
> Shore Bin # 8515, Level 1
110.219577325	-5.90252536805
110.222049287	-5.90170138087
110.219546807	-5.90084687564
110.219577325	-5.90252536805
> Shore Bin # 8515, Level 1
110.229556725	-5.86419470505
110.232089723	-5.86334019982
110.229556725	-5.86334019982
110.229556725	-5.86419470505
> Shore Bin # 8515, Level 1
110.582894636	-5.87246509492
110.585427634	-5.87335011819
110.582894636	-5.87170214382
110.582894636	-5.87246509492
> Shore Bin # 8515, Level 1
110.377904936	-5.83422598604
110.380376898	-5.83248645755
110.377874418	-5.83337148082
110.377904936	-5.83422598604
> Shore Bin # 8515, Level 1
110.579598688	-5.84670786595
110.582925154	-5.84588387877
110.579598688	-5.84588387877
110.579598688	-5.84670786595
> Shore Bin # 8515, Level 1
110.23541619	-5.86498817419
110.237949187	-5.86419470505
110.23541619	-5.86419470505
110.23541619	-5.86498817419
> Shore Bin # 8515, Level 1
110.552895399	-5.80587472336
110.558754864	-5.80090028222
110.552895399	-5.80502021813
110.552895399	-5.80587472336
> Shore Bin # 8694, Level 1
109.2	-7.6939729421
109.318318456	-7.70458533599
109.39079881	-7.72375066749
109.390829328	-7.72042420072
109.386282139	-7.72085145333
109.385824369	-7.71627374676
109.392538338	-7.71960021354
109.393789578	-7.72335393292
109.385427634	-7.73751430524
109.384573129	-7.75582513152
109.393270771	-7.75704585327
109.395834287	-7.76379034095
109.399130236	-7.76293583572
109.406668193	-7.76797131295
109.409597925	-7.77084000907
109.409170672	-7.77624170282
109.420004578	-7.77209124886
109.432516976	-7.77874418241
109.436209659	-7.77422751193
109.434958419	-7.76961928731
109.463309682	-7.76461432813
109.468345159	-7.75210193018
109.467887388	-7.75918211634
109.470817121	-7.76043335613
109.546654459	-7.76961928731
109.594995041	-7.7788052185
109.633295186	-7.789608606
109.651667048	-7.789608606
109.815823606	-7.83126573578
109.819577325	-7.83080796512
109.814175631	-7.82714579986
109.820828565	-7.82876325619
109.824155032	-7.82629129464
109.822507057	-7.83373769732
109.879148547	-7.84545662614
109.961669337	-7.8729533836
109.999176013	-7.88964675355
110	-7.88986037986
> Shore Bin # 8694, Level 1
110	-6.9227740901
109.994201572	-6.92460517273
109.968322271	-6.92295719836
109.961669337	-6.91874570832
109.949156939	-6.91877622636
109.945830472	-6.91541924154
109.93337911	-6.91462577241
109.928313115	-6.91044480041
109.901609827	-6.91709773395
109.888334478	-6.91709773395
109.815793088	-6.90376134882
109.8049897	-6.89878690768
109.799160754	-6.89045548172
109.76333257	-6.8854200045
109.751674678	-6.87959105813
109.717494469	-6.87040512695
109.694209201	-6.85706874181
109.678400855	-6.85709925986
109.659998474	-6.8487678339
109.65584802	-6.85130083153
109.653376059	-6.84791332867
109.640802625	-6.84870679781
109.620874342	-6.83961242076
109.596643015	-6.83878843358
109.574181735	-6.83210498199
109.540032044	-6.83045700762
109.511650263	-6.81623559922
109.483329519	-6.78791485458
109.481193256	-6.78837262523
109.483817807	-6.79169909201
109.480430304	-6.79169909201
109.485404746	-6.79670405119
109.48455024	-6.8008239871
109.469596399	-6.82169832906
109.455832761	-6.83375295635
109.43666743	-6.84461737994
109.41170367	-6.85123979545
109.412436103	-6.85459678026
109.375020981	-6.8637521934
109.334157321	-6.86546120385
109.317463951	-6.87125963218
109.276661326	-6.87461661699
109.248340581	-6.87208361936
109.221637293	-6.86045624467
109.216632334	-6.86045624467
109.208331426	-6.86625467299
109.2	-6.86570601811
> Shore Bin # 8694, Level 1
> Shore Bin # 8694, Level 1
> Shore Bin # 8694, Level 1
> Shore Bin # 8694, Level 1
> Shore Bin # 8694, Level 1
> Shore Bin # 8694, Level 1
> Shore Bin # 8694, Level 1
> Shore Bin # 8695, Level 1
112	-6.81098649568
111.986205844	-6.79502555878
111.983794919	-6.78083466842
111.971679255	-6.76713206675
111.946654459	-6.76295109475
111.906675822	-6.78626688021
111.876707103	-6.79539177531
111.844174868	-6.79957274731
111.826626993	-6.79877927817
111.808316167	-6.7929503318
111.79250782	-6.78376440062
111.774135958	-6.77793545426
111.767513542	-6.77207598985
111.7266804	-6.77210650789
111.705806058	-6.76295109475
111.681666285	-6.74790569916
111.646662089	-6.71461051339
111.601678492	-6.67875181193
111.564995804	-6.64292362852
111.529137102	-6.62961776142
111.510826276	-6.63291371015
111.491599908	-6.61960784306
111.487541009	-6.62540627138
111.480827039	-6.62708476379
111.462058442	-6.6424963759
111.465415427	-6.65412375059
111.462485695	-6.66379797047
111.444205386	-6.66874189356
111.421652552	-6.68290226588
111.413321126	-6.68378728915
111.401663233	-6.69291218425
111.395803769	-6.69291218425
111.388265812	-6.69871061257
111.383291371	-6.69794766147
111.376729992	-6.7037460898
111.332478828	-6.70045014107
111.304158083	-6.6946211947
111.299153124	-6.69626916907
111.295399405	-6.69166094445
111.300373846	-6.69251544968
111.291676204	-6.68628976875
111.274982834	-6.68961623552
111.217486839	-6.68958571748
111.204150454	-6.6820782787
111.197467002	-6.67295338361
111.188342107	-6.67042038597
111.18159762	-6.67460135797
111.17332723	-6.66626993202
111.143358511	-6.65796902411
111.12620737	-6.64252689395
111.096208133	-6.59751277935
111.07707332	-6.55753414198
111.072922866	-6.5399862668
111.061234455	-6.52085145334
111.052903029	-6.49417868307
111.045456626	-6.43918516815
111.047074083	-6.42832074456
111.029159991	-6.41626611726
111.008346685	-6.41626611726
110.969985504	-6.4062561989
110.968734264	-6.40915541306
110.972945754	-6.41162737461
110.972518502	-6.41458762486
110.949996185	-6.41797512772
110.93916228	-6.41129167613
110.933394369	-6.41211566331
110.921644923	-6.40711070413
110.918318456	-6.40210574494
110.884168765	-6.40875867849
110.85584802	-6.40543221172
110.836652171	-6.40793469131
110.817486839	-6.42624551758
110.811657893	-6.42710002281
110.807476921	-6.42377355604
110.803326467	-6.42624551758
110.785839628	-6.42462806126
110.762493324	-6.43875791554
110.749187457	-6.44208438231
110.739208057	-6.44129091317
110.722484169	-6.44626535431
110.712077516	-6.4583810177
110.711284047	-6.47168688479
110.706675822	-6.47544060418
110.702464332	-6.47464713504
110.6895552	-6.48755626756
110.688334478	-6.49961089486
110.674937057	-6.49549095895
110.670420386	-6.49918364225
110.669932097	-6.50373083078
110.666666667	-6.50043488205
110.661234455	-6.50333409621
110.665812161	-6.51291676196
110.681681544	-6.51374074914
110.683726253	-6.52167544053
110.675028611	-6.53626306546
110.670817121	-6.53711757068
110.667460136	-6.5321126115
110.663736934	-6.5333638513
110.664194705	-6.54544899664
110.655008774	-6.54373998619
110.651651789	-6.55374990455
110.643747616	-6.55500114435
110.645792325	-6.55960936896
110.654612039	-6.56421759357
110.660471504	-6.57334248867
110.653330282	-6.58381017769
110.642099641	-6.58332188899
110.645822843	-6.59125658037
110.654581521	-6.59333180735
110.654581521	-6.60251773853
110.643320363	-6.61792935065
110.63541619	-6.6167086289
110.640390631	-6.64670786595
110.618753338	-6.6916914625
110.596200504	-6.7216601815
110.580819409	-6.73456931403
110.558358129	-6.73041886007
110.550820172	-6.73041886007
110.543739986	-6.7342030975
110.543709468	-6.74000152582
110.54914168	-6.73707179362
110.550026703	-6.74128328366
110.558358129	-6.73627832448
110.562905318	-6.74003204387
110.560006104	-6.74793621721
110.565804532	-6.74540321957
110.572915236	-6.75251392378
110.574593729	-6.75837338818
110.571236744	-6.76670481414
110.572091249	-6.77332722964
110.543709468	-6.8241702906
110.529152361	-6.83625543594
110.523750668	-6.83753719378
110.527901122	-6.84086366056
110.52793164	-6.84501411451
110.521248188	-6.86170748447
110.498786908	-6.89005874715
110.464972915	-6.92539864186
110.444983597	-6.938735027
110.419989319	-6.94206149378
110.419134813	-6.94624246578
110.406652934	-6.95207141214
110.392492561	-6.95213244823
110.384985122	-6.95625238414
110.354161898	-6.95295643541
110.304966812	-6.93128862432
110.274967575	-6.91212329281
110.242526894	-6.90543984122
110.23166247	-6.90043488204
110.221652552	-6.90208285641
110.214602884	-6.89668116266
110.211215381	-6.88667124429
110.213321126	-6.88041504531
110.220401312	-6.87837033638
110.217929351	-6.87589837483
110.220401312	-6.87251087197
110.217929351	-6.86503395124
110.208346685	-6.86295872426
110.197512779	-6.85127031349
110.195803769	-6.8529488059
110.190035859	-6.85038529022
110.187930114	-6.85673304333
110.184145876	-6.85877775226
110.16833753	-6.85459678026
110.160799573	-6.85548180353
110.146242466	-6.86921492324
110.141206989	-6.88166628511
110.1266804	-6.89045548172
110.111665522	-6.89207293804
110.109132525	-6.89539940482
110.107545586	-6.89292744327
110.090821698	-6.89295796131
110.06411841	-6.90208285641
110.035828183	-6.90455481795
110.033356222	-6.90794232081
110.026215	-6.90919356061
110.03042649	-6.91087205302
110.025818265	-6.91459525436
110	-6.9227740901
> Shore Bin # 8695, Level 1
110	-7.88986037986
110.022491798	-7.89541466383
110.026215	-7.89748989081
110.024170291	-7.89962615387
110.035828183	-7.90545510024
110.072510872	-7.91790646211
110.0783093	-7.91628900578
110.081666285	-7.9112840466
110.076630808	-7.92046997778
110.157503624	-7.95544365597
110.185824369	-7.9712825207
110.202517739	-7.98458838779
110.212893874	-7.97836270686
110.226230259	-7.95587090858
110.235019455	-7.9479362172
110.225406271	-7.97167925527
110.21997406	-7.97796597229
110.209140154	-7.98294041343
110.209109636	-7.98544289302
110.2049897	-7.98458838779
110.206637675	-7.98712138543
110.226688029	-7.99545281138
110.245883879	-7.99999999991
> Shore Bin # 8695, Level 1
111.433737697	-6.65165178904
111.437094682	-6.65329976341
111.436270695	-6.64917982749
111.433737697	-6.64917982749
111.433737697	-6.65165178904
> Shore Bin # 8695, Level 1
110.217105364	-7.97418173486
110.223727779	-7.97082475004
110.225803006	-7.9629205767
110.217105364	-7.97335774768
110.217105364	-7.97418173486
> Shore Bin # 8695, Level 1
110.623727779	-6.5758754863
110.630380713	-6.57752346067
110.628336004	-6.57291523605
110.623727779	-6.57419699389
110.623727779	-6.5758754863
> Shore Bin # 8695, Level 1
111.257068742	-6.66752117181
111.259571221	-6.66587319745
111.257068742	-6.66672770267
111.257068742	-6.66752117181
> Shore Bin # 8695, Level 1
110.918806744	-6.38504615846
110.923781186	-6.38086518646
110.91871519	-6.3816586556
110.918806744	-6.38504615846
> Shore Bin # 8695, Level 1
111.47457084	-6.63001449599
111.477927825	-6.6275120164
111.47457084	-6.6275120164
111.47457084	-6.63001449599
> Shore Bin # 8695, Level 1
110.212069886	-6.86250095361
110.216250858	-6.86335545883
110.213351644	-6.8613107499
110.212069886	-6.86250095361
> Shore Bin # 8875, Level 1
110.245883879	-7.99999999991
110.261661707	-8.0037537193
110.274998093	-8.01043717089
110.277470054	-8.00878919652
110.279179065	-8.01126115807
110.300846876	-8.01541161202
110.339147021	-8.02874799716
110.344579232	-8.034210727
110.346288243	-8.04254215296
110.353765164	-8.05423056373
110.365819791	-8.06210421903
110.372503243	-8.07211413739
110.386663615	-8.0737926298
110.391699092	-8.0787365529
110.407537957	-8.08044556335
110.420843824	-8.0887769893
110.426642252	-8.0887769893
110.433722438	-8.0942092011
110.432043946	-8.09753566787
110.436652171	-8.10128938726
110.453315023	-8.1020828564
110.466681926	-8.11123826953
110.480872816	-8.11291676194
110.496681163	-8.12042420072
110.500831617	-8.11874570831
110.510811017	-8.12460517272
110.513344015	-8.12292668031
110.524971389	-8.13211261149
110.531654841	-8.13125810626
110.542488746	-8.13543907826
110.545845731	-8.12875562667
110.5466392	-8.13461509108
110.573342489	-8.13791103981
110.592538338	-8.15045395581
110.600839246	-8.14624246577
110.624155032	-8.16040283809
110.649179828	-8.16955825122
110.654154269	-8.17456321041
110.657541772	-8.17297627213
110.662485695	-8.17798123131
110.667490654	-8.17798123131
110.678294041	-8.18457312877
110.682536049	-8.18377965963
110.694193942	-8.18872358273
110.707499809	-8.185427634
110.709544518	-8.1925383382
110.704539559	-8.19751277934
110.707499809	-8.20212100395
110.712504768	-8.19876401913
110.724223697	-8.20126649872
110.728374151	-8.19540703432
110.735851072	-8.19375905995
110.748271916	-8.19787899586
110.774181735	-8.19790951391
110.797558556	-8.19208056754
110.796185245	-8.19665827411
110.798321508	-8.19876401913
110.817486839	-8.20126649872
110.820813306	-8.20462348354
110.828320745	-8.20547798877
110.830029755	-8.20209048591
110.835797665	-8.20373846027
110.836652171	-8.20709544509
110.846631571	-8.20462348354
110.849103532	-8.20709544509
110.872480354	-8.20794995032
110.880842298	-8.2129549095
110.908339055	-8.21124589904
110.917494469	-8.21963836109
110.928328374	-8.22461280223
110.937514305	-8.22378881504
110.941634241	-8.227939269
110.946669718	-8.22378881504
110.957503624	-8.23041123055
110.960891127	-8.22790875096
110.959975586	-8.23462272059
110.970016022	-8.23620965887
110.974959945	-8.24206912328
110.97831693	-8.23794918736
110.982467384	-8.24295414655
110.988357366	-8.24374761568
110.992904555	-8.2483558403
110.992904555	-8.25256733034
110.999984741	-8.25626001364
111.004196231	-8.25125505446
111.009964141	-8.25378805209
111.016678111	-8.25125505446
111.024979019	-8.25464255732
111.026626993	-8.25879301127
111.03166247	-8.25626001364
111.032486458	-8.25879301127
111.041672389	-8.25125505446
111.045792325	-8.25378805209
111.062485695	-8.25378805209
111.065873198	-8.24963759814
111.07582208	-8.24792858768
111.074601358	-8.23916990912
111.077897307	-8.23416494993
111.072922866	-8.2291905088
111.074174105	-8.22043183023
111.074998093	-8.22211032264
111.080827039	-8.21792935064
111.093339437	-8.219577325
111.100419623	-8.22504005484
111.103318837	-8.232120241
111.10499733	-8.22125581741
111.107072557	-8.23169298839
111.095414664	-8.23831540389
111.098710613	-8.24335088112
111.095017929	-8.24377813373
111.092118715	-8.2483558403
111.097489891	-8.2471046005
111.10124361	-8.25082780184
111.099961852	-8.25461203928
111.102464332	-8.25375753405
111.107469291	-8.25793850605
111.118333715	-8.25375753405
111.120012207	-8.25708400082
111.123735409	-8.25668726625
111.122484169	-8.25961699846
111.128313115	-8.25876249323
111.130846113	-8.26373693437
111.135851072	-8.26294346523
111.137071794	-8.26666666657
111.131242847	-8.27420462339
111.13417258	-8.27795834278
111.143297475	-8.2795757991
111.142534524	-8.28290226587
111.148302434	-8.27878232996
111.152483406	-8.2795757991
111.153368429	-8.28625925069
111.157457847	-8.27878232996
111.162493324	-8.28125429151
111.169146258	-8.2795757991
111.170794232	-8.28210879673
111.176684215	-8.27377737078
111.193347066	-8.28043030432
111.197924773	-8.27670710298
111.197070268	-8.27084763857
111.200823987	-8.26630045005
111.202563516	-8.2687724116
111.210803388	-8.2687724116
111.217486839	-8.26211947805
111.219104295	-8.26959639878
111.221667811	-8.26709391919
111.223346304	-8.26959639878
111.226703288	-8.26874189355
111.22917525	-8.2604104676
111.234180209	-8.2604104676
111.245014115	-8.25375753405
111.253315023	-8.25375753405
111.254962997	-8.24795910573
111.275898375	-8.25372701601
111.278736553	-8.25665674821
111.277515831	-8.26126497282
111.28331426	-8.257907988
111.276264591	-8.26919966421
111.289967193	-8.27457083992
111.293720912	-8.26663614853
111.287434195	-8.26712443723
111.286213474	-8.26086823825
111.294148165	-8.26376745241
111.296681163	-8.25711451887
111.301625086	-8.25711451887
111.312855726	-8.26248569457
111.310383764	-8.26837567703
111.314137484	-8.26874189355
111.314991989	-8.27206836032
111.320820935	-8.27127489119
111.325001907	-8.27460135796
111.336690318	-8.26294346523
111.347463188	-8.2645914396
111.34914168	-8.270450904
111.351613642	-8.26791790637
111.356649119	-8.270450904
111.360769055	-8.26465247568
111.369954986	-8.26291294719
111.373769741	-8.26584267939
111.375844968	-8.27707331951
111.385824369	-8.27875181192
111.384542611	-8.27585259776
111.38829633	-8.27548638123
111.389974823	-8.27875181192
111.397482261	-8.27878232996
111.403372244	-8.27292286555
111.409994659	-8.2795757991
111.414572366	-8.27750057212
111.413717861	-8.26837567703
111.417044327	-8.26340123589
111.427512016	-8.25958648041
111.439139391	-8.26794842441
111.444968338	-8.26874189355
111.452079042	-8.27753109016
111.448752575	-8.28506904698
111.452903029	-8.28918898289
111.442954147	-8.29333943685
111.447928588	-8.29666590362
111.443747616	-8.30420386044
111.448294804	-8.30957503615
111.456290532	-8.31250476835
111.451255055	-8.3191577019
111.454184787	-8.32126344692
111.458365759	-8.31876096733
111.459983215	-8.32462043174
111.467093919	-8.32086671235
111.466239414	-8.31836423276
111.477470054	-8.30542458219
111.482108797	-8.31085679399
111.478751812	-8.31586175317
111.481651026	-8.32037842365
111.491599908	-8.31543450055
111.494560159	-8.3191577019
111.494163424	-8.32544441892
111.502464332	-8.32294193933
111.507927062	-8.32837415112
111.508720531	-8.33331807422
111.512565805	-8.33459983206
111.526634623	-8.33209735247
111.5316701	-8.33377584487
111.5316701	-8.3304493781
111.534142061	-8.33209735247
111.536217288	-8.32748912785
111.528740368	-8.32166018149
111.530357824	-8.31665522231
111.534996567	-8.3179064621
111.535851072	-8.31457999533
111.54415198	-8.31464103142
111.546227207	-8.31250476835
111.544548714	-8.30997177072
111.548302434	-8.3071030746
111.559197375	-8.30875104896
111.571679255	-8.31879148537
111.576226444	-8.31418326076
111.568719005	-8.32251468671
111.56957351	-8.32504768435
111.565392538	-8.32666514067
111.569207294	-8.33545433728
111.574975204	-8.33456931401
111.577447166	-8.3304493781
111.586602579	-8.33627832447
111.589562829	-8.3317006179
111.58626688	-8.32916762026
111.59749752	-8.32294193933
111.60125124	-8.32672617676
111.599572747	-8.33084611267
111.604180972	-8.34042877842
111.609582666	-8.33502708467
111.606225681	-8.32999160744
111.611627375	-8.32126344692
111.62246128	-8.32297245737
111.626215	-8.32584115349
111.625391012	-8.33670557708
111.632074464	-8.34085603103
111.62371252	-8.34753948263
111.624139773	-8.35461966879
111.633295186	-8.34879072242
111.642511635	-8.35376516356
111.645838102	-8.35288014029
111.650812543	-8.36874952306
111.656214237	-8.36420233454
111.65459678	-8.36081483168
111.657465476	-8.35794613556
111.664972915	-8.35712214838
111.670008392	-8.37125200265
111.681666285	-8.37540245661
111.686671244	-8.36795605392
111.700831617	-8.38464942388
111.699610895	-8.37836270686
111.703791867	-8.37418173486
111.704158083	-8.36792553588
111.706691081	-8.37045853351
111.709163043	-8.36874952306
111.712458991	-8.37460898747
111.720027466	-8.37045853351
111.72542916	-8.37253376049
111.716243229	-8.36255436017
111.711665522	-8.35211718919
111.707515068	-8.35126268397
111.701625086	-8.34378576324
111.697474632	-8.34540321956
111.688746471	-8.33670557708
111.688746471	-8.32916762026
111.693324178	-8.32294193933
111.700770581	-8.32541390088
111.702571145	-8.32294193933
111.712031739	-8.32251468671
111.714564736	-8.31671625839
111.712886244	-8.31000228876
111.704554818	-8.30249484999
111.713313497	-8.29040970464
111.729152361	-8.28879224832
111.732906081	-8.29336995489
111.730434119	-8.29669642167
111.735805295	-8.29709315624
111.737087053	-8.30255588607
111.74462501	-8.30667582199
111.747096971	-8.31253528639
111.736263066	-8.33337911031
111.742488746	-8.33377584487
111.748348211	-8.34375524519
111.757503624	-8.33459983206
111.760830091	-8.33713282969
111.774135958	-8.32712291133
111.782925154	-8.32748912785
111.768764782	-8.31754024558
111.768764782	-8.31000228876
111.776241703	-8.3058518348
111.767910277	-8.29584191644
111.769985504	-8.29373617142
111.774196994	-8.29541466383
111.778744182	-8.29001297008
111.768703746	-8.28836499571
111.778713664	-8.27753109016
111.778347448	-8.27460135796
111.769527733	-8.27084763857
111.774990463	-8.25711451887
111.7850309	-8.25793850605
111.790035859	-8.25461203928
111.796658274	-8.25458152123
111.802090486	-8.26248569457
111.797878996	-8.26916914616
111.799160754	-8.27124437314
111.808346685	-8.266269932
111.814541848	-8.26999313335
111.814175631	-8.27380788882
111.820859083	-8.27124437314
111.826626993	-8.27298390164
111.827084764	-8.27835507735
111.83166247	-8.28207827869
111.842496376	-8.28204776065
111.840390631	-8.26834515898
111.834561685	-8.26337071784
111.838315404	-8.25876249323
111.839963378	-8.26373693437
111.84789807	-8.26498817416
111.850827802	-8.27209887837
111.860807202	-8.26959639878
111.860410468	-8.27502861057
111.865415427	-8.27420462339
111.867917906	-8.2783245593
111.865384909	-8.28085755694
111.872953384	-8.28583199808
111.874967575	-8.2921187151
111.88580148	-8.29379720751
111.895811398	-8.29962615387
111.899168383	-8.30542458219
111.902433814	-8.30209811542
111.908323796	-8.30295262064
111.914152743	-8.29791714342
111.926665141	-8.30627908742
111.938323033	-8.3071030746
111.944579232	-8.29587243448
111.935393301	-8.29166094444
111.936247807	-8.28665598526
111.940794995	-8.28128480955
111.949156939	-8.27878232996
111.97082475	-8.28210879673
111.993316548	-8.30045014105
112	-8.30084687562
> Shore Bin # 8875, Level 1
111.775387198	-8.3700312809
111.779201953	-8.36881055915
111.782467384	-8.3712825207
111.782894636	-8.36832227045
111.777492943	-8.36627756151
111.775387198	-8.36920729372
111.775387198	-8.3700312809
> Shore Bin # 8875, Level 1
111.482902266	-8.36334782931
111.48705272	-8.36502632172
111.484153506	-8.35794613556
111.482902266	-8.36084534972
111.482902266	-8.36334782931
> Shore Bin # 8875, Level 1
111.79375906	-8.35831235208
111.796627756	-8.35962462797
111.797909514	-8.3574883649
111.79375906	-8.35587090858
111.79375906	-8.35831235208
> Shore Bin # 8875, Level 1
111.743739986	-8.35083543135
111.746211948	-8.35083543135
111.745815213	-8.34631876087
111.743739986	-8.35004196222
111.743739986	-8.35083543135
> Shore Bin # 8875, Level 1
111.647882811	-8.38580910954
111.651239796	-8.38333714799
111.651209277	-8.37918669404
111.647882811	-8.37753871967
111.647882811	-8.38580910954
> Shore Bin # 8875, Level 1
111.441245136	-8.29666590362
111.443747616	-8.29752040885
111.441702907	-8.29623865101
111.441245136	-8.29666590362
> Shore Bin # 8875, Level 1
111.121202411	-8.26169222544
111.123735409	-8.26169222544
111.121660182	-8.26126497282
111.121202411	-8.26169222544
> Shore Bin # 8875, Level 1
111.476249332	-8.32999160744
111.480430304	-8.3275196459
111.476249332	-8.32834363308
111.476249332	-8.32999160744
> Shore Bin # 8875, Level 1
111.509544518	-8.37170977331
111.51372549	-8.36917677567
111.509544518	-8.37085526808
111.509544518	-8.37170977331
> Shore Bin # 8875, Level 1
111.783749142	-8.36667429608
111.787075608	-8.3658503089
111.785000381	-8.36539253824
111.783749142	-8.36667429608
> Shore Bin # 8875, Level 1
111.756221866	-8.38837262522
111.759548333	-8.38916609436
111.756679637	-8.38797589065
111.756221866	-8.38837262522
> Shore Bin # 8875, Level 1
111.728725109	-8.30084687562
111.731258106	-8.29916838321
111.728725109	-8.30002288844
111.728725109	-8.30084687562
