CONTROL 1 54321
TRANS SIMPLE -7.439 110.498 0.0
VGOUT ./model/obs
VGTYPE P
VGGRID 2 801 254 0.0 0.0 -3.0 1.0 1.0 1.0 SLOW_LEN
# VELEST minimum-1D (Yogya 2006) extended to the mantle
LAYER   -3.0  2.50 0.00  1.44 0.00  2.70 0.00
LAYER    0.0  2.90 0.00  1.67 0.00  2.70 0.00
LAYER    0.7  4.30 0.00  2.47 0.00  2.70 0.00
LAYER    2.0  4.65 0.00  2.56 0.00  2.70 0.00
LAYER    4.0  5.49 0.00  3.17 0.00  2.70 0.00
LAYER    7.0  5.49 0.00  3.34 0.00  2.70 0.00
LAYER   10.0  6.30 0.00  3.64 0.00  2.70 0.00
LAYER   13.0  6.39 0.00  3.73 0.00  2.70 0.00
LAYER   16.0  6.55 0.00  3.78 0.00  2.70 0.00
LAYER   22.0  6.80 0.00  3.92 0.00  2.70 0.00
LAYER   30.0  7.20 0.00  4.15 0.00  2.70 0.00
LAYER   40.0  8.04 0.00  4.48 0.00  2.70 0.00
LAYER   80.0  8.05 0.00  4.49 0.00  2.70 0.00
LAYER  120.0  8.18 0.00  4.51 0.00  2.70 0.00
LAYER  165.0  8.30 0.00  4.52 0.00  2.70 0.00
LAYER  210.0  8.48 0.00  4.61 0.00  2.70 0.00
