> Shore Bin # 35030, Level 1
110	-7.8896162356
110.000015259	-7.8896162356
110.000839246	-7.8896162356
110.001663233	-7.89040970474
110.003326467	-7.89040970474
110.004135195	-7.89124895094
110.005859464	-7.89124895094
110.006698711	-7.89210345617
110.007476921	-7.89210345617
110.008331426	-7.89291218433
110.009994659	-7.89291218433
110.010864424	-7.89378194858
110.013336385	-7.89378194858
110.014145113	-7.89457541772
110.015808347	-7.89457541772
110.016617075	-7.89547570001
110.018356603	-7.89541466392
110.019134813	-7.89628442817
110.020828565	-7.89628442817
110.021637293	-7.89541466392
110.022507057	-7.89541466392
110.023300526	-7.89628442817
110.024170291	-7.89628442817
110.025024796	-7.89707789731
110.025864042	-7.89707789731
110.026215	-7.89750514992
110.026215	-7.89835965515
110.025864042	-7.89880216678
110.025024796	-7.89880216678
110.024170291	-7.89794766155
110.023300526	-7.89794766155
110.022949569	-7.8983291371
110.024170291	-7.89961089494
110.025024796	-7.89961089494
110.025803006	-7.9004196231
110.026642252	-7.9004196231
110.027496757	-7.90127412833
110.028366522	-7.90127412833
110.029159991	-7.90208285649
110.030029755	-7.90208285649
110.030838483	-7.90293736172
110.031631952	-7.90296787976
110.032501717	-7.90377660792
110.033310445	-7.90377660792
110.03416495	-7.90458533608
110.035034714	-7.90458533608
110.035828183	-7.90543984131
110.038300145	-7.90543984131
110.039200427	-7.90624856947
110.040833143	-7.90624856947
110.041672389	-7.90711833371
110.042496376	-7.90711833371
110.043305104	-7.90791180285
110.044968338	-7.90791180285
110.045777066	-7.90872053101
110.048340581	-7.90875104906
110.049195087	-7.90960555428
110.050812543	-7.90960555428
110.051667048	-7.91041428244
110.053330282	-7.91041428244
110.054200046	-7.91128404669
110.055802243	-7.91128404669
110.056672007	-7.91207751583
110.058365759	-7.91207751583
110.059143969	-7.91294728008
110.06083772	-7.91291676204
110.061661707	-7.91377126726
110.0633402	-7.91377126726
110.064164187	-7.91464103151
110.06582742	-7.91457999542
110.066727703	-7.91544975967
110.068360418	-7.91544975967
110.069199664	-7.9163042649
110.069977874	-7.9163042649
110.07083238	-7.91705195697
110.071671626	-7.91705195697
110.072495613	-7.91792172122
110.074174105	-7.91793698024
110.074967575	-7.91708247501
110.076646067	-7.91708247501
110.077561608	-7.91627374685
110.0783093	-7.91627374685
110.078721294	-7.91586175326
110.078721294	-7.91500724804
110.080384527	-7.91335927367
110.080384527	-7.91255054551
110.081666285	-7.91128404669
110.082078279	-7.91169604028
110.08206302	-7.91335927367
110.079575799	-7.91589227131
110.079575799	-7.91667048142
110.078721294	-7.91752498665
110.078721294	-7.91833371481
110.0783093	-7.91880674449
110.07753109	-7.91880674449
110.076249332	-7.9199969482
110.076646067	-7.92046997787
110.07753109	-7.92046997787
110.0783093	-7.92127870603
110.080003052	-7.92127870603
110.080827039	-7.9220874342
110.081635767	-7.9220874342
110.082505531	-7.92294193942
110.083299001	-7.92294193942
110.084168765	-7.92375066758
110.085831998	-7.92375066758
110.086671244	-7.92460517281
110.088364996	-7.92460517281
110.089143206	-7.92541390097
110.090836957	-7.92544441901
110.091660945	-7.92625314717
110.093339437	-7.92625314717
110.094132906	-7.9271076524
110.09500267	-7.9271076524
110.095811398	-7.92791638056
110.096665904	-7.92791638056
110.098329137	-7.92964065003
110.099137865	-7.92964065003
110.10000763	-7.93044937819
110.100801099	-7.93044937819
110.101701381	-7.93124284733
110.103364614	-7.93124284733
110.104173342	-7.93214312963
110.10499733	-7.93214312963
110.105836576	-7.93293659876
110.107499809	-7.93293659876
110.108278019	-7.93380636301
110.109163043	-7.93380636301
110.109971771	-7.93461509117
110.110826276	-7.93461509117
110.11169604	-7.93542381933
110.113313497	-7.93542381933
110.114168002	-7.93627832456
110.115007248	-7.93627832456
110.115831235	-7.93708705272
110.116700999	-7.93708705272
110.117494469	-7.93794155795
110.118303197	-7.93794155795
110.119172961	-7.93875028611
110.11996643	-7.93875028611
110.120866712	-7.93958953231
110.121644923	-7.93958953231
110.122499428	-7.94044403754
110.123338674	-7.94044403754
110.124162661	-7.94129854276
110.124971389	-7.9412527657
110.125825895	-7.94210727092
110.127443351	-7.94210727092
110.128313115	-7.94297703517
110.129137102	-7.94297703517
110.130006867	-7.94377050431
110.130861372	-7.94377050431
110.131700618	-7.94457923247
110.132478828	-7.94457923247
110.133333333	-7.94544899672
110.13417258	-7.94544899672
110.134996567	-7.94624246586
110.135866331	-7.94624246586
110.1366598	-7.94714274815
110.138338293	-7.94714274815
110.139131762	-7.94795147631
110.140032044	-7.94795147631
110.140810254	-7.94874494545
110.141664759	-7.94874494545
110.142504005	-7.9496147097
110.143327993	-7.9496147097
110.144136721	-7.95042343786
110.145006485	-7.95042343786
110.145830472	-7.95127794308
110.147478447	-7.95127794308
110.148302434	-7.95208667124
110.149172198	-7.95208667124
110.150026703	-7.95294117647
110.150865949	-7.9528953994
110.15164416	-7.95374990463
110.153337911	-7.95378042267
110.154161898	-7.9546349279
110.155840391	-7.9546349279
110.15663386	-7.95544365606
110.157503624	-7.95544365606
110.158312352	-7.95631342031
110.159166857	-7.95631342031
110.160830091	-7.95791561761
110.161638819	-7.95791561761
110.162493324	-7.95878538186
110.163302052	-7.95878538186
110.164965286	-7.96044861524
110.165774014	-7.96044861524
110.166674296	-7.9612573434
110.167528801	-7.9612573434
110.16833753	-7.96205081254
110.169192035	-7.96205081254
110.170778973	-7.96380560006
110.171663996	-7.96380560006
110.172472724	-7.96461432822
110.174135958	-7.96461432822
110.175020981	-7.96546883345
110.175799191	-7.96546883345
110.177492943	-7.96708628977
110.178332189	-7.96708628977
110.179186694	-7.967940795
110.179995422	-7.967940795
110.18080415	-7.96874952316
110.181673915	-7.96874952316
110.183367666	-7.97041275654
110.184145876	-7.97041275654
110.184939345	-7.97128252079
110.185839628	-7.97128252079
110.187472343	-7.97297627222
110.188326848	-7.97297627222
110.189944305	-7.97463950561
110.19079881	-7.97463950561
110.194964523	-7.97877470054
110.195834287	-7.97877470054
110.19749752	-7.98043793393
110.198367285	-7.98043793393
110.202532998	-7.98458838788
110.203356985	-7.98458838788
110.203799496	-7.98419165332
110.203799496	-7.98333714809
110.204165713	-7.98290989548
110.205828946	-7.98294041352
110.206637675	-7.98213168536
110.208331426	-7.98213168536
110.209140154	-7.98127718013
110.209994659	-7.98127718013
110.212893874	-7.97836270695
110.212893874	-7.9774929427
110.213748379	-7.97669947356
110.213748379	-7.9758907454
110.214557107	-7.97502098116
110.214557107	-7.97422751202
110.215365835	-7.97335774777
110.215365835	-7.97169451438
110.216250858	-7.97088578622
110.216250858	-7.97003128099
110.219577325	-7.9666895552
110.219577325	-7.96589608606
110.223743038	-7.961669337
110.223743038	-7.96086060883
110.224551766	-7.96005188067
110.224551766	-7.95922789349
110.22543679	-7.9583276112
110.22543679	-7.95753414206
110.226215	-7.95666437781
110.226215	-7.95585564965
110.234195468	-7.94795147631
110.235034714	-7.94795147631
110.23541619	-7.9483634699
110.23541619	-7.95002670329
110.234576944	-7.95083543145
110.234576944	-7.95168993668
110.233722438	-7.95255970092
110.233722438	-7.95333791104
110.23291371	-7.95419241627
110.23291371	-7.95500114443
110.232104982	-7.95580987259
110.232104982	-7.95666437781
110.231250477	-7.95753414206
110.231250477	-7.9583276112
110.229556725	-7.96005188067
110.229556725	-7.961669337
110.228747997	-7.96252384222
110.228747997	-7.96505683986
110.227939269	-7.96586556802
110.227939269	-7.9675288014
110.227084764	-7.96833752956
110.227084764	-7.96919203479
110.22542153	-7.97085526818
110.22542153	-7.97166399634
110.220386053	-7.97669947356
110.220386053	-7.9774929427
110.21997406	-7.97796597238
110.219165332	-7.97796597238
110.218326085	-7.9787441825
110.21669337	-7.9787441825
110.215854124	-7.97961394675
110.214145113	-7.97961394675
110.211673152	-7.98208590829
110.210803388	-7.98208590829
110.209994659	-7.98294041352
110.209140154	-7.98294041352
110.20874342	-7.98333714809
110.209140154	-7.98381017777
110.209994659	-7.98381017777
110.210437171	-7.98419165332
110.209109636	-7.98544289311
110.207507439	-7.98544289311
110.206637675	-7.98460364691
110.205004959	-7.98458838788
110.204577707	-7.98500038148
110.206637675	-7.9871061265
110.207507439	-7.98713664454
110.208300908	-7.9879453727
110.209170672	-7.9879453727
110.2099794	-7.98879987793
110.210833906	-7.98879987793
110.211642634	-7.98960860609
110.212527657	-7.98960860609
110.213305867	-7.99041733425
110.214145113	-7.99041733425
110.214999619	-7.99127183948
110.217532616	-7.99127183948
110.218326085	-7.99208056764
110.220004578	-7.99208056764
110.220813306	-7.99295033188
110.221667811	-7.99295033188
110.222522316	-7.99374380102
110.224139773	-7.99374380102
110.224994278	-7.99455252918
110.225803006	-7.99458304723
110.226688029	-7.99543755245
110.229159991	-7.99543755245
110.230029755	-7.99624628061
110.232501717	-7.99624628061
110.233310445	-7.99711604486
110.236636912	-7.99711604486
110.237521935	-7.997909514
110.239993896	-7.997909514
110.240833143	-7.99871824216
110.242465858	-7.9987487602
110.243305104	-7.99961852445
110.24414435	-7.99961852445
110.24461738	-7.99998474098
110.24461738	-8
> Shore Bin # 35030, Level 1
110.217105364	-7.97416647593
110.217502098	-7.9745632105
110.218326085	-7.9745632105
110.219165332	-7.97378500038
110.21997406	-7.97378500038
110.220828565	-7.97297627222
110.221637293	-7.97297627222
110.223727779	-7.97084000916
110.223727779	-7.96919203479
110.224582284	-7.96838330663
110.224521248	-7.9675288014
110.22543679	-7.96667429618
110.22543679	-7.96505683986
110.226215	-7.96418707561
110.226215	-7.96339360647
110.225803006	-7.96292057679
110.224994278	-7.96292057679
110.222964828	-7.96505683986
110.222964828	-7.96586556802
110.221255818	-7.96749828336
110.221255818	-7.96836804761
110.217914092	-7.97169451438
110.217914092	-7.97250324254
110.217105364	-7.97335774777
110.217105364	-7.97416647593
> Shore Bin # 35030, Level 1
110.022079805	-7.89747463188
110.022476539	-7.89794766155
110.022949569	-7.89747463188
110.022507057	-7.89707789731
110.022079805	-7.89747463188
> Shore Bin # 35390, Level 1
110.24461738	-8
110.244998856	-8.00044251164
110.246662089	-8.00044251164
110.247470817	-8.00131227588
110.25085832	-8.0012512398
110.251606012	-8.00205996796
110.25413901	-8.002090486
110.254993515	-8.00294499123
110.258335241	-8.00294499123
110.259174487	-8.00375371939
110.261661707	-8.00375371939
110.262500954	-8.00460822461
110.263309682	-8.00460822461
110.264164187	-8.00541695277
110.264972915	-8.00541695277
110.266636149	-8.00708018616
110.268299382	-8.00708018616
110.269169146	-8.00794995041
110.27083238	-8.00796520943
110.271641108	-8.00877393759
110.272526131	-8.00877393759
110.273304341	-8.00964370184
110.274189364	-8.00964370184
110.274998093	-8.01043717098
110.275806821	-8.01043717098
110.277470054	-8.00877393759
110.277866789	-8.00917067216
110.277912566	-8.01002517739
110.279194324	-8.01124589914
110.282475013	-8.01124589914
110.283329519	-8.01211566339
110.284992752	-8.01211566339
110.28580148	-8.01292439155
110.291660945	-8.01293965057
110.292500191	-8.01380941482
110.293354696	-8.01380941482
110.294163424	-8.01461814298
110.295826658	-8.01461814298
110.296635386	-8.01541161212
110.300862135	-8.01541161212
110.301670863	-8.01628137636
110.303334096	-8.01628137636
110.304142824	-8.01709010452
110.305806058	-8.01709010452
110.306660563	-8.01794460975
110.308354314	-8.01797512779
110.309132525	-8.01878385595
110.311665522	-8.01878385595
110.31247425	-8.01957732509
110.314168002	-8.01957732509
110.315022507	-8.02044708934
110.316716258	-8.02044708934
110.317494469	-8.0212558175
110.31918822	-8.0212558175
110.31996643	-8.02211032273
110.320836194	-8.02211032273
110.3216907	-8.02291905089
110.323308156	-8.02291905089
110.324162661	-8.02377355612
110.325825895	-8.02372777905
110.326634623	-8.02458228428
110.327443351	-8.02458228428
110.328313115	-8.02546730755
110.330022126	-8.02546730755
110.330861372	-8.02627603571
110.334142061	-8.02627603571
110.334996567	-8.02714579995
110.335805295	-8.02714579995
110.3366598	-8.02793926909
110.337468528	-8.02793926909
110.338353552	-8.02874799725
110.339131762	-8.02874799725
110.340413519	-8.03002975509
110.340413519	-8.03083848325
110.341664759	-8.03213550011
110.342473487	-8.03213550011
110.344579232	-8.03422598611
110.344579232	-8.03836118105
110.345418479	-8.03921568627
110.345418479	-8.04002441444
110.346272984	-8.0408331426
110.346272984	-8.04255741207
110.347081712	-8.04336614023
110.347081712	-8.04422064546
110.347966735	-8.04502937362
110.347966735	-8.04583810178
110.349553674	-8.04756237125
110.349553674	-8.04835584039
110.351613642	-8.05041580835
110.352468147	-8.05041580835
110.352941176	-8.05082780194
110.352941176	-8.05169756619
110.353749905	-8.05250629435
110.353749905	-8.0542153048
110.358327611	-8.0587472343
110.359166857	-8.0587472343
110.360051881	-8.05963225757
110.360830091	-8.05963225757
110.361257343	-8.06002899214
110.361257343	-8.0608377203
110.361638819	-8.06131074998
110.364171817	-8.06131074998
110.365026322	-8.06210421912
110.36583505	-8.06210421912
110.36708629	-8.06335545892
110.36708629	-8.06497291524
110.370382238	-8.0683604181
110.370412757	-8.06916914626
110.372106508	-8.07083237964
110.372106508	-8.07168688487
110.372503243	-8.07211413748
110.374166476	-8.07211413748
110.374975204	-8.07292286564
110.378301671	-8.07292286564
110.379217212	-8.07377737087
110.381689174	-8.07377737087
110.382467384	-8.07292286564
110.383337148	-8.07292286564
110.384161135	-8.07380788891
110.386663615	-8.07380788891
110.389562829	-8.07666132601
110.389562829	-8.07753109026
110.389944305	-8.07794308385
110.39079881	-8.07794308385
110.391699092	-8.07875181201
110.393362325	-8.07875181201
110.394171054	-8.07794308385
110.394995041	-8.07794308385
110.396643015	-8.07960631724
110.39749752	-8.07960631724
110.398306249	-8.07875181201
110.400885023	-8.07875181201
110.40250248	-8.0804150454
110.407522698	-8.08044556344
110.407888914	-8.08082703899
110.407919432	-8.08169680323
110.409140154	-8.08291752499
110.413275349	-8.08291752499
110.413748379	-8.08336003662
110.413748379	-8.08416876478
110.414160372	-8.08464179446
110.415030137	-8.08464179446
110.417502098	-8.08711375601
110.418310826	-8.08711375601
110.419165332	-8.08792248417
110.420050355	-8.08792248417
110.420828565	-8.08877698939
110.421698329	-8.08877698939
110.422522316	-8.08792248417
110.423300526	-8.08792248417
110.424170291	-8.08877698939
110.426642252	-8.08877698939
110.427496757	-8.08958571756
110.428336004	-8.08958571756
110.429587243	-8.09086747539
110.429587243	-8.09166094453
110.43166247	-8.09381246662
110.433356222	-8.09381246662
110.433722438	-8.09419394217
110.433722438	-8.09500267033
110.43291371	-8.09585717556
110.43291371	-8.0967269398
110.432059205	-8.09752040894
110.432440681	-8.09791714351
110.433310445	-8.09791714351
110.43666743	-8.10127412833
110.437476158	-8.10127412833
110.438330663	-8.1004196231
110.439139391	-8.1004196231
110.439993896	-8.10127412833
110.444190127	-8.10127412833
110.445029374	-8.10208285649
110.445838102	-8.10208285649
110.446662089	-8.10127412833
110.449164569	-8.10127412833
110.449973297	-8.10208285649
110.453299763	-8.10208285649
110.453727016	-8.10249485008
110.453727016	-8.10336461433
110.455024033	-8.10455481804
110.456672007	-8.10455481804
110.458335241	-8.10630960555
110.459189746	-8.10630960555
110.461661707	-8.1087815671
110.462470436	-8.1087815671
110.463355459	-8.10959029526
110.464133669	-8.10959029526
110.465003433	-8.11044480049
110.46582742	-8.11044480049
110.466666667	-8.11125352865
110.467475395	-8.11125352865
110.4683299	-8.11044480049
110.469977874	-8.11044480049
110.47083238	-8.11125352865
110.474189364	-8.11125352865
110.474967575	-8.11210803388
110.475837339	-8.11210803388
110.476661326	-8.11291676204
110.480857557	-8.11291676204
110.48206302	-8.11419851987
110.48206302	-8.1150530251
110.482551308	-8.11544975967
110.483329519	-8.11544975967
110.484138247	-8.11457999542
110.48502327	-8.11461051347
110.485420005	-8.1150530251
110.485420005	-8.11586175326
110.48752575	-8.11793698024
110.488273442	-8.11793698024
110.489143206	-8.1187457084
110.490806439	-8.1187457084
110.491691463	-8.11793698024
110.492469673	-8.11793698024
110.493308919	-8.1187457084
110.494163424	-8.1187457084
110.495033188	-8.11961547265
110.495857176	-8.11961547265
110.496696422	-8.12042420081
110.49750515	-8.12042420081
110.498329137	-8.11961547265
110.499168383	-8.11961547265
110.499977111	-8.1187457084
110.500831617	-8.1187457084
110.50124361	-8.11921873808
110.50124361	-8.12002746624
110.501640345	-8.12042420081
110.503303578	-8.12042420081
110.50421912	-8.12127870603
110.505867094	-8.12127870603
110.506691081	-8.1220874342
110.507469291	-8.1220874342
110.508339055	-8.12289616236
110.509163043	-8.12289616236
110.510811017	-8.12460517281
110.511665522	-8.12460517281
110.513328756	-8.12291142138
110.513756008	-8.12335393301
110.513756008	-8.12503242542
110.514137484	-8.12544441901
110.515831235	-8.12544441901
110.516609445	-8.12629892424
110.518364233	-8.12629892424
110.518776226	-8.12669565881
110.518776226	-8.1283588922
110.519172961	-8.12877088579
110.520836194	-8.12877088579
110.521248188	-8.12916762036
110.521248188	-8.13002212558
110.522499428	-8.13130388342
110.523308156	-8.13130388342
110.524162661	-8.13044937819
110.524589914	-8.13083085374
110.524589914	-8.13170061799
110.524971389	-8.13211261158
110.526634623	-8.13211261158
110.527534905	-8.13130388342
110.528358892	-8.13211261158
110.530830854	-8.13211261158
110.5316701	-8.13124284733
110.532478828	-8.13205157549
110.534142061	-8.13205157549
110.535805295	-8.13377584497
110.538353552	-8.13377584497
110.539971008	-8.13543907836
110.540825513	-8.13458457313
110.541664759	-8.13543907836
110.542504005	-8.13543907836
110.542915999	-8.13499656672
110.542915999	-8.13333333333
110.542030976	-8.13252460517
110.543724727	-8.13086137179
110.543724727	-8.13000686656
110.544975967	-8.12875562676
110.545830472	-8.12875562676
110.546272984	-8.12913710231
110.546272984	-8.13000686656
110.545448997	-8.13086137179
110.545448997	-8.13252460517
110.546272984	-8.13333333333
110.546272984	-8.13418783856
110.5466392	-8.13461509117
110.547554742	-8.13461509117
110.548332952	-8.13380636301
110.550026703	-8.13374532692
110.550804913	-8.13461509117
110.551659419	-8.13461509117
110.552529183	-8.1354695964
110.553337911	-8.1354695964
110.55413138	-8.13461509117
110.555001144	-8.13461509117
110.555809873	-8.1354695964
110.556664378	-8.1354695964
110.557473106	-8.13627832456
110.564965286	-8.13621728847
110.56583505	-8.13708705272
110.569192035	-8.13708705272
110.570000763	-8.13794155795
110.57332723	-8.1379110399
110.575005722	-8.13963530938
110.577477684	-8.13963530938
110.578332189	-8.14044403754
110.579171435	-8.14044403754
110.581246662	-8.14250400549
110.581246662	-8.14331273365
110.584161135	-8.14624246586
110.5850309	-8.14624246586
110.586633097	-8.14792095827
110.588311589	-8.14792095827
110.589166094	-8.14877546349
110.591638056	-8.14877546349
110.592111086	-8.14918745708
110.592111086	-8.15005722133
110.592523079	-8.15043869688
110.593331807	-8.15043869688
110.594995041	-8.14877546349
110.595803769	-8.14877546349
110.596246281	-8.14833295186
110.595391775	-8.1475242237
110.595803769	-8.14711223011
110.599145495	-8.14711223011
110.599938964	-8.14624246586
110.600839246	-8.14624246586
110.602471962	-8.14792095827
110.604974441	-8.14792095827
110.606637675	-8.14958419165
110.607507439	-8.1496147097
110.608300908	-8.15042343786
110.6099794	-8.15042343786
110.612054627	-8.15252918288
110.612054627	-8.15333791104
110.612527657	-8.15381094072
110.614145113	-8.15381094072
110.614999619	-8.15460440986
110.615884642	-8.15460440986
110.616662852	-8.15541313802
110.617532616	-8.15541313802
110.618326085	-8.15628290227
110.619134813	-8.15628290227
110.621667811	-8.15880064088
110.622476539	-8.15880064088
110.624170291	-8.1604180972
110.626718547	-8.1604180972
110.627496757	-8.16127260243
110.628305486	-8.16127260243
110.629190509	-8.16208133059
110.631692988	-8.16208133059
110.633310445	-8.16380560006
110.635004196	-8.16380560006
110.63666743	-8.16542305638
110.637476158	-8.16542305638
110.638330663	-8.16627756161
110.639200427	-8.16627756161
110.640024414	-8.16708628977
110.640863661	-8.16708628977
110.642496376	-8.16874952316
110.64414435	-8.16874952316
110.644998856	-8.16960402838
110.645838102	-8.16960402838
110.646616312	-8.17041275654
110.648310063	-8.17041275654
110.649164569	-8.16955825132
110.650034333	-8.17041275654
110.65085832	-8.17041275654
110.651255055	-8.17084000916
110.651224537	-8.17250324254
110.65163653	-8.17297627222
110.652506294	-8.17297627222
110.654169528	-8.1745632105
110.654978256	-8.1745632105
110.656672007	-8.17297627222
110.657526513	-8.17297627222
110.658716716	-8.17416647593
110.658716716	-8.17502098116
110.659998474	-8.17625696193
110.661692226	-8.17625696193
110.66208896	-8.17669947356
110.662058442	-8.1774929427
110.662470436	-8.17796597238
110.667505913	-8.17796597238
110.669977874	-8.18043793393
110.671641108	-8.18043793393
110.673365377	-8.18211642634
110.675837339	-8.18211642634
110.6783093	-8.18458838788
110.679118029	-8.18458838788
110.680003052	-8.18377965972
110.68252079	-8.18377965972
110.684138247	-8.18544289311
110.684992752	-8.18544289311
110.685831998	-8.18625162127
110.687464714	-8.18625162127
110.689173724	-8.18791485466
110.690836957	-8.18791485466
110.691721981	-8.1871061265
110.692500191	-8.18791485466
110.693308919	-8.18791485466
110.694193942	-8.18872358282
110.695826658	-8.18872358282
110.697444114	-8.18713664454
110.699168383	-8.18872358282
110.69999237	-8.18872358282
110.700389105	-8.18832684825
110.699580377	-8.18753337911
110.700862135	-8.18628213931
110.702479591	-8.18628213931
110.703334096	-8.18713664454
110.704142824	-8.18713664454
110.705806058	-8.18547341115
110.707499809	-8.18541237507
110.708720531	-8.18666361486
110.708751049	-8.1891966125
110.709559777	-8.19000534066
110.709559777	-8.19252307927
110.707499809	-8.19461356527
110.706614786	-8.19461356527
110.705424582	-8.19586480507
110.705424582	-8.19667353323
110.7045243	-8.19752803845
110.7045243	-8.19919127184
110.707499809	-8.20210574502
110.710032807	-8.20213626307
110.710414282	-8.20166323339
110.710414282	-8.20085450523
110.712504768	-8.1987487602
110.713313497	-8.19961852445
110.714168002	-8.19961852445
110.715022507	-8.1987487602
110.715861753	-8.19961852445
110.716639963	-8.19961852445
110.717494469	-8.20041199359
110.71996643	-8.20041199359
110.720805676	-8.19961852445
110.722529946	-8.19961852445
110.724223697	-8.20128175784
110.725444419	-8.2
110.725444419	-8.19919127184
110.727916381	-8.19668879225
110.727916381	-8.19583428702
110.728358892	-8.19542229343
110.72916762	-8.19542229343
110.729976349	-8.19461356527
110.734966049	-8.19461356527
110.735866331	-8.19374380102
110.736644541	-8.19461356527
110.740001526	-8.19461356527
110.740886549	-8.19542229343
110.742534524	-8.19542229343
110.743327993	-8.19627679866
110.745006485	-8.19627679866
110.745799954	-8.19708552682
110.747493706	-8.19708552682
110.748271916	-8.19789425498
110.749965667	-8.1963073167
110.753307393	-8.1963073167
110.754192416	-8.19711604486
110.759166857	-8.19711604486
110.760006104	-8.1963073167
110.764141299	-8.1963073167
110.76505684	-8.19711604486
110.769161517	-8.19711604486
110.770031281	-8.1963073167
110.771633478	-8.1963073167
110.773311971	-8.197909514
110.774166476	-8.197909514
110.775005722	-8.19711604486
110.775799191	-8.19711604486
110.776668956	-8.19624628061
110.779995422	-8.19624628061
110.780834668	-8.19711604486
110.781673915	-8.19711604486
110.783367666	-8.19543755245
110.784161135	-8.19543755245
110.784969863	-8.19458304723
110.785839628	-8.19458304723
110.786633097	-8.19377431907
110.787502861	-8.19458304723
110.789196612	-8.19458304723
110.789974823	-8.19377431907
110.790829328	-8.19458304723
110.793331807	-8.19458304723
110.794140536	-8.19377431907
110.794995041	-8.19377431907
110.795803769	-8.19291981384
110.796673533	-8.19295033188
110.797558556	-8.19208056764
110.798779278	-8.19339284352
110.797055009	-8.19499504082
110.797055009	-8.19586480507
110.796200504	-8.19667353323
110.796673533	-8.19705500877
110.797558556	-8.19705500877
110.797940032	-8.19752803845
110.797909514	-8.19838254368
110.798336767	-8.19877927825
110.8	-8.19877927825
> Shore Bin # 35390, Level 1
> Shore Bin # 35390, Level 1
110.717921721	-8.20332646677
110.718333715	-8.20375371939
110.71871519	-8.20332646677
110.71871519	-8.20253299763
110.718333715	-8.20213626307
110.717921721	-8.20253299763
110.717921721	-8.20332646677
